

nc 11

n 1 0.09444444444444444 0.5566666666666666
n 2 0.21666666666666667 0.555
n 3 0.21666666666666667 0.335
n 4 0.22666666666666666 0.785
n 5 0.3844444444444444 0.435
n 6 0.3877777777777778 0.725
n 7 0.5355555555555556 0.5566666666666666
n 8 0.7366666666666667 0.31
n 9 0.7488888888888889 0.5566666666666666
n 10 0.7511111111111111 0.77
n 11 0.8933333333333333 0.5533333333333333

c 1 2
c 1 3
c 1 4
c 2 3
c 2 4
c 2 7
c 3 5
c 4 6
c 5 7
c 6 7
c 7 8
c 7 10
c 8 9
c 8 11
c 9 10
c 9 11
c 10 11

s 1 1 1
s 11 2 2

cpu 2